bestChromosome = [1	4	1	7	1	3	1	4	1	1	6	1	1	2	7	2	1	4	3	1	4	1	6	4	1	4	4	1	4	4	6	4	4	1	4	5	1	2	7	7];