bestChromosome = [0.456321231495175	0.312227736610206	0.327476411100904	0.182641098056548	0.472320068467544	0.0477860339213038	0.0757406377479803	0.618019820359246	0.0501756144253374	0.525004256262278	0.300175341241229	0.170553763397277	0.444484392036446	0.383024532597717	0.779983127985879	0.967390490574377	0.0272714516807643	0.834291213236978	0.751198177304917	0.582220755467753	0.394534334303994	0.260225517848604	0.436583723177073	0.241921935362390	0.757636568090213	0.601581518045835	0.247960228024062	0.661111319385568	0.149084842196885	0.877332016590156	0.319398825147644	0.481837918104267	0.183348853046054	0.810539514568132	0.675677303883018	0.984414377132462	0.541710960671725	0.959145160845716	0.803155230169711	0.229593294238308	0.323684248214462	0.194875306370380	0.875872122549053	0.999785689049643	0.639692053254516	0.0373620494891687	0.200606625439263	0.889106531859571	0.615109474652146	0.947322717782727]