bestPath = [23 24 17 22 14 7 19 2 12 6 15 3 11 20 8 16 21 36 49 37 40 44 39 27 45 38 48 33 46 28 42 34 47 30 29 50 32 25 41 35 43 31 26 18 1 5 13 10 9 4];